LEVELPACK_VERSION 1
LEVEL_COUNT 10

LEVEL 0
PLAYER_SPAWN 50.000000 400.000000
BLOCK_COUNT 4
0: 1000.000000 500.000000 250.000000 250.000000
1: 750.000000 500.000000 250.000000 250.000000
2: 500.000000 500.000000 250.000000 250.000000
3: 0.000000 500.000000 250.000000 250.000000
FIRE_COUNT 2
0: 328.640625 362.719574 50.000000 50.000000 15.000000 1 1
1: 367.832031 339.414886 50.000000 50.000000 15.000000 1 0
END_LEVEL

LEVEL 1
PLAYER_SPAWN 50.000000 400.000000
BLOCK_COUNT 5
0: 0.000000 500.000000 250.000000 250.000000
1: 250.000000 500.000000 250.000000 250.000000
2: 500.000000 500.000000 250.000000 250.000000
3: 750.000000 500.000000 250.000000 250.000000
4: 1000.000000 500.000000 250.000000 250.000000
FIRE_COUNT 2
0: 328.640625 362.719574 50.000000 50.000000 15.100000 1 1
1: 456.269531 300.768921 50.000000 50.000000 10.100000 1 0
END_LEVEL

LEVEL 2
PLAYER_SPAWN 50.000000 400.000000
BLOCK_COUNT 5
0: 0.000000 500.000000 250.000000 250.000000
1: 250.000000 500.000000 250.000000 250.000000
2: 500.000000 500.000000 250.000000 250.000000
3: 750.000000 500.000000 250.000000 250.000000
4: 1000.000000 500.000000 250.000000 250.000000
FIRE_COUNT 19
0: 328.640625 362.719574 50.000000 50.000000 15.000000 1 1
1: 367.832031 339.414886 50.000000 50.000000 15.000000 3 0 2 18
2: 396.046875 307.192230 50.000000 50.000000 15.000000 4 1 3 17 18
3: 416.488281 269.590668 50.000000 50.000000 15.000000 5 2 4 16 15 17
4: 437.265625 230.813324 50.000000 50.000000 15.000000 4 3 5 14 15
5: 447.914062 199.512543 50.000000 50.000000 15.000000 4 4 6 14 15
6: 465.281250 158.118011 50.000000 50.000000 15.000000 4 5 7 13 14
7: 499.984375 127.180511 50.000000 50.000000 15.000000 4 6 8 12 13
8: 544.359375 92.711761 50.000000 50.000000 15.000000 3 7 9 12
9: 574.863281 89.934418 50.000000 50.000000 15.000000 2 8 10
10: 607.851562 89.934418 50.000000 50.000000 15.000000 2 9 11
11: 646.472656 86.844574 50.000000 50.000000 15.000000 1 10
12: 531.078125 132.692230 50.000000 50.000000 15.000000 3 8 7 13
13: 500.898438 165.567230 50.000000 50.000000 15.000000 4 12 7 6 14
14: 483.820312 199.860199 50.000000 50.000000 15.000000 5 13 6 4 5 15
15: 469.710938 238.371918 50.000000 50.000000 15.000000 5 14 4 5 16 3
16: 446.726562 275.426605 50.000000 50.000000 15.000000 3 3 15 17
17: 424.992188 309.961182 50.000000 50.000000 15.000000 4 2 3 16 18
18: 396.988281 337.031494 50.000000 50.000000 15.000000 3 17 1 2
END_LEVEL

LEVEL 3
PLAYER_SPAWN 50.000000 400.000000
BLOCK_COUNT 5
0: 1000.000000 500.000000 250.000000 250.000000
1: 750.000000 500.000000 250.000000 250.000000
2: 500.000000 500.000000 250.000000 250.000000
3: 250.000000 500.000000 250.000000 250.000000
4: 0.000000 500.000000 250.000000 250.000000
FIRE_COUNT 0
END_LEVEL

LEVEL 4
PLAYER_SPAWN 50.000000 400.000000
BLOCK_COUNT 5
0: 1000.000000 500.000000 250.000000 250.000000
1: 750.000000 500.000000 250.000000 250.000000
2: 500.000000 500.000000 250.000000 250.000000
3: 250.000000 500.000000 250.000000 250.000000
4: 0.000000 500.000000 250.000000 250.000000
FIRE_COUNT 0
END_LEVEL

LEVEL 5
PLAYER_SPAWN 50.000000 400.000000
BLOCK_COUNT 5
0: 1000.000000 500.000000 250.000000 250.000000
1: 750.000000 500.000000 250.000000 250.000000
2: 500.000000 500.000000 250.000000 250.000000
3: 250.000000 500.000000 250.000000 250.000000
4: 0.000000 500.000000 250.000000 250.000000
FIRE_COUNT 0
END_LEVEL

LEVEL 6
PLAYER_SPAWN 50.000000 400.000000
BLOCK_COUNT 5
0: 1000.000000 500.000000 250.000000 250.000000
1: 750.000000 500.000000 250.000000 250.000000
2: 500.000000 500.000000 250.000000 250.000000
3: 250.000000 500.000000 250.000000 250.000000
4: 0.000000 500.000000 250.000000 250.000000
FIRE_COUNT 0
END_LEVEL

LEVEL 7
PLAYER_SPAWN 50.000000 400.000000
BLOCK_COUNT 5
0: 1000.000000 500.000000 250.000000 250.000000
1: 750.000000 500.000000 250.000000 250.000000
2: 500.000000 500.000000 250.000000 250.000000
3: 250.000000 500.000000 250.000000 250.000000
4: 0.000000 500.000000 250.000000 250.000000
FIRE_COUNT 0
END_LEVEL

LEVEL 8
PLAYER_SPAWN 50.000000 400.000000
BLOCK_COUNT 5
0: 1000.000000 500.000000 250.000000 250.000000
1: 750.000000 500.000000 250.000000 250.000000
2: 500.000000 500.000000 250.000000 250.000000
3: 250.000000 500.000000 250.000000 250.000000
4: 0.000000 500.000000 250.000000 250.000000
FIRE_COUNT 0
END_LEVEL

LEVEL 9
PLAYER_SPAWN 50.000000 400.000000
BLOCK_COUNT 5
0: 1000.000000 500.000000 250.000000 250.000000
1: 750.000000 500.000000 250.000000 250.000000
2: 500.000000 500.000000 250.000000 250.000000
3: 250.000000 500.000000 250.000000 250.000000
4: 0.000000 500.000000 250.000000 250.000000
FIRE_COUNT 0
END_LEVEL

